0.06369082629680634
0.052042726427316666
0.16222159564495087
0.09609862416982651
0.11846926808357239
0.11994557827711105
0.1723463386297226
0.1919473260641098
0.1125478595495224
0.11653310060501099
0.1121811792254448
0.07137016206979752
0.10199186205863953
0.06477142125368118
0.08162649720907211
0.12189006805419922
0.09271780401468277
0.05356888100504875
0.18067358434200287
0.27127060294151306
0.06383741647005081
0.06359881907701492
0.10785448551177979
0.10229521989822388
0.049453455954790115
0.044373732060194016
0.2025693953037262
0.2951115071773529
0.040614329278469086
0.24984173476696014
0.21455924212932587
0.1745002567768097
0.0949137732386589
0.08916573971509933
0.08388125896453857
0.1378137320280075
0.09226168692111969
0.023378366604447365
0.07093876600265503
0.09111705422401428
0.04568936303257942
0.03357919678092003
0.05603920668363571
0.1016557365655899
0.24913232028484344
0.05866888165473938
0.1646232008934021
0.3494158685207367
0.06013761833310127
0.03847981616854668
0.1361968219280243
0.14391620457172394
0.10149892419576645
0.08141575008630753
0.11928152292966843
0.1835014671087265
0.22630620002746582
0.08392859250307083
0.18068639934062958
0.15433067083358765
0.052735473960638046
0.1554528921842575
0.13020886480808258
0.08495703339576721
0.04780111461877823
0.0869152843952179
0.1853964477777481
0.11108105629682541
0.07592598348855972
0.03815770149230957
0.37486836314201355
0.10022488236427307
0.08690866827964783
0.08147319406270981
0.09809647500514984
0.02238154411315918
0.1213478371500969
0.05351800099015236
0.06945645809173584
0.04918081313371658
0.14496169984340668
0.09155400842428207
0.05902411416172981
0.2556915283203125
0.11664269119501114
0.04980533942580223
0.10817378759384155
0.06169698014855385
0.03501186892390251
0.044742830097675323
0.0237449761480093
0.08866053074598312
0.12177500873804092
0.035976212471723557
0.04395197704434395
0.027801232412457466
0.04248568043112755
0.07226614654064178
0.030654165893793106
0.03795001283288002
0.35108715295791626
0.1034330502152443
0.17135089635849
0.06529860198497772
0.09350817650556564
0.06304490566253662
0.056214772164821625
0.03386402502655983
0.030469657853245735
0.04584287479519844
0.08117697387933731
0.2548116147518158
0.05336698144674301
0.09163924306631088
0.06742162257432938
0.07199154794216156
0.2981085479259491
0.1968287229537964
0.08878042548894882
0.10514791309833527
